date:1218-143547
time:85.31930303573608
epoch:15944
last loss:9.996986644490301e-05