date:1218-143202
time:57.74728012084961
epoch:11176
last loss:9.996387982249787e-05