date:1218-143708
time:80.22369885444641
epoch:20716
last loss:9.996928803430919e-05