date:1218-143310
time:67.3035819530487
epoch:12483
last loss:9.993940892691821e-05