date:1218-144709
time:269.8671519756317
epoch:47579
last loss:9.996322852421774e-05