date:1218-143421
time:70.49237823486328
epoch:14252
last loss:9.99766479616791e-05