date:1218-143908
time:118.75023293495178
epoch:22777
last loss:9.998470725994589e-05