date:1218-144238
time:209.43556880950928
epoch:42161
last loss:9.999702712864964e-05