date:1222-141202
time:55.96725010871887
epoch:15830
last loss:9.997826487093815e-05