date:1222-140604
time:46.94277882575989
epoch:11622
last loss:9.993846129870093e-05