date:1222-223641
time:73.32823491096497
epoch:16285
last loss:9.996574042745754e-05