date:1222-232923
time:90.87033581733704
epoch:18740
last loss:9.995276005285359e-05