date:1222-223431
time:174.40175533294678
epoch:43504
last loss:9.999904074969481e-05