date:1222-202039
time:70.64826917648315
epoch:13992
last loss:9.995780552852398e-05