date:1222-234717
time:224.915540933609
epoch:51800
last loss:9.99629423564354e-05