date:1222-192100
time:129.2952377796173
epoch:33190
last loss:9.99843246405747e-05