date:1222-134757
time:53.89031481742859
epoch:18303
last loss:9.99641476437776e-05