date:1222-194716
time:241.5835530757904
epoch:52951
last loss:9.996370388537768e-05