date:1222-142646
time:86.24778008460999
epoch:23386
last loss:9.998852599790365e-05