date:1222-233317
time:55.481866121292114
epoch:11497
last loss:9.995976827526532e-05