date:1222-191546
time:134.41177129745483
epoch:34397
last loss:9.999229920651147e-05