date:1222-192839
time:70.53693795204163
epoch:19707
last loss:9.996592806878855e-05