date:1222-205003
time:160.03667783737183
epoch:36866
last loss:9.995329501562878e-05