date:1222-232752
time:64.43681311607361
epoch:13246
last loss:9.996565554164798e-05