date:1222-140830
time:83.74717903137207
epoch:21038
last loss:9.996384385466066e-05