date:1222-204257
time:92.44656085968018
epoch:20164
last loss:9.995970584775687e-05