date:1222-140223
time:28.21765112876892
epoch:7674
last loss:9.99668236467904e-05