date:1222-203016
time:74.4252097606659
epoch:16268
last loss:9.995778733535635e-05