date:1222-195957
time:140.0083191394806
epoch:21367
last loss:9.997363369156157e-05