date:1222-204053
time:94.30760431289673
epoch:20549
last loss:9.997972501985698e-05