date:1222-193931
time:66.80469822883606
epoch:15763
last loss:9.997857213766476e-05