date:1222-183105
time:55.32926893234253
epoch:14000
last loss:9.994484353581949e-05