date:1222-235303
time:145.08865022659302
epoch:30617
last loss:9.99789954533957e-05