date:1222-185005
time:90.48830580711365
epoch:21764
last loss:9.997362696347079e-05