date:1222-140347
time:49.19154620170593
epoch:13740
last loss:9.993942819655302e-05