date:1222-141739
time:173.9360818862915
epoch:51166
last loss:9.998031955416518e-05