date:1222-193056
time:136.05343914031982
epoch:38592
last loss:9.998836881596044e-05