date:1222-235037
time:108.84385418891907
epoch:21966
last loss:9.998288513322632e-05