date:1222-140705
time:60.050256967544556
epoch:14819
last loss:9.999510647525093e-05