date:1222-182352
time:65.94166827201843
epoch:14797
last loss:9.996287359283829e-05