date:1222-200253
time:175.0806119441986
epoch:25857
last loss:9.997974235120099e-05