date:1222-195019
time:103.84212398529053
epoch:22648
last loss:9.999888040133204e-05