date:1222-140517
time:88.39239239692688
epoch:25384
last loss:9.997050844843583e-05