date:1222-135356
time:69.41732501983643
epoch:19076
last loss:9.995514031666322e-05