date:1222-223527
time:54.048712968826294
epoch:12547
last loss:9.997324516787834e-05