date:1222-135755
time:60.45819306373596
epoch:16124
last loss:9.995509160065163e-05