date:1222-140258
time:33.62329387664795
epoch:9744
last loss:9.99625110797847e-05