date:1222-141312
time:69.32306480407715
epoch:20011
last loss:9.998123741364318e-05