date:1222-193153
time:56.09090995788574
epoch:14128
last loss:9.998881824885308e-05