date:1222-192415
time:143.58076333999634
epoch:33571
last loss:9.999874540183773e-05