date:1222-183556
time:58.00507593154907
epoch:16588
last loss:9.997983301296832e-05