date:1222-142837
time:110.40541791915894
epoch:27867
last loss:9.998883229103509e-05