date:1222-135115
time:85.47053265571594
epoch:26033
last loss:9.999451683517093e-05