date:1222-193444
time:99.81495785713196
epoch:25284
last loss:9.998119646453091e-05