date:1222-193823
time:217.4464190006256
epoch:50412
last loss:9.997728311062257e-05