date:1222-184330
time:67.93230104446411
epoch:16158
last loss:9.994578414348328e-05