date:1222-134826
time:28.061301946640015
epoch:8348
last loss:9.991534626530131e-05