date:1222-142008
time:80.30619788169861
epoch:22573
last loss:9.997785333379549e-05