date:1222-194314
time:122.69797396659851
epoch:27536
last loss:9.999077466541748e-05