date:1222-192728
time:51.82631301879883
epoch:13882
last loss:9.997812722406184e-05