date:1222-233221
time:176.79861402511597
epoch:37127
last loss:9.996547840748109e-05