date:1222-201843
time:73.76423716545105
epoch:14650
last loss:9.99685260680068e-05