date:1222-141444
time:91.18817377090454
epoch:26216
last loss:9.997349739690643e-05