date:1222-205345
time:170.28445291519165
epoch:37842
last loss:9.99168905866567e-05