date:1222-203904
time:97.89420223236084
epoch:21044
last loss:9.999091398993798e-05