date:1222-234331
time:135.75566697120667
epoch:25344
last loss:9.997692695201653e-05