date:1222-203557
time:92.57581830024719
epoch:20167
last loss:9.999801250418618e-05