date:1222-203311
time:72.42579293251038
epoch:15914
last loss:9.999425881207879e-05