date:1222-141105
time:154.5971658229828
epoch:39502
last loss:9.999008572460786e-05