date:1222-234847
time:89.1498167514801
epoch:17705
last loss:9.998367098629332e-05