date:1222-234115
time:100.1957597732544
epoch:17731
last loss:9.999260375784737e-05