date:1222-135919
time:84.34447693824768
epoch:22383
last loss:9.997700578845603e-05