date:1222-135246
time:49.46210789680481
epoch:13821
last loss:9.997066400063345e-05