date:1222-134948
time:47.42564821243286
epoch:14075
last loss:9.998793042051875e-05