date:1222-182941
time:53.578351736068726
epoch:13901
last loss:9.995642107821207e-05