date:1222-143128
time:170.03711676597595
epoch:36343
last loss:9.998484964191117e-05