date:1222-200619
time:204.2104229927063
epoch:35844
last loss:9.999374324657896e-05