date:1222-135603
time:126.76355791091919
epoch:35430
last loss:9.998141890055913e-05