date:1222-233934
time:78.74747633934021
epoch:14142
last loss:9.995098526042863e-05