date:1222-201148
time:328.27490401268005
epoch:65824
last loss:9.999152522978821e-05