date:1222-135156
time:39.97751498222351
epoch:11033
last loss:9.998745347302189e-05