date:1222-194110
time:99.12597489356995
epoch:20510
last loss:9.99748225922542e-05