date:1222-194834
time:76.79377913475037
epoch:18118
last loss:9.999125652168268e-05