date:1222-142519
time:201.9709129333496
epoch:57276
last loss:9.999860451301339e-05