date:1222-193304
time:69.60248184204102
epoch:17636
last loss:9.995897204817047e-05