date:1222-134703
time:29.973549127578735
epoch:10151
last loss:9.996436326919792e-05