date:1222-181846
time:49.88916802406311
epoch:13855
last loss:9.995012068918783e-05