date:1222-224304
time:254.12846899032593
epoch:47762
last loss:9.993963183546411e-05