date:1222-183725
time:57.60391807556152
epoch:16177
last loss:9.999444191836793e-05