date:1222-184658
time:94.17444181442261
epoch:21915
last loss:9.997533727776376e-05