date:1222-201713
time:75.09686231613159
epoch:15157
last loss:9.999192736064587e-05