date:1222-134632
time:21.01969313621521
epoch:7246
last loss:9.996351980428487e-05