date:1222-204641
time:169.0910141468048
epoch:38023
last loss:9.997275985002697e-05