date:1222-223849
time:127.74777603149414
epoch:23475
last loss:9.99720795491911e-05