date:1222-190143
time:126.23218607902527
epoch:37080
last loss:9.998898180557168e-05