date:1222-202524
time:78.70353198051453
epoch:16597
last loss:9.998448552361786e-05