date:1222-202819
time:69.8209388256073
epoch:15638
last loss:9.995356013360262e-05