date:1222-134611
time:18.685014724731445
epoch:5981
last loss:9.996046576898048e-05