date:1222-192635
time:46.36595392227173
epoch:10711
last loss:9.998760536066125e-05