date:1222-195736
time:300.32829308509827
epoch:60829
last loss:9.997900953611548e-05