date:1222-185244
time:84.07442283630371
epoch:21307
last loss:9.996567706917982e-05