date:1222-233428
time:70.37986707687378
epoch:14624
last loss:9.99493721310495e-05