date:1222-142156
time:107.50590801239014
epoch:30057
last loss:9.998565242363191e-05