date:1222-134900
time:33.29665684700012
epoch:10139
last loss:9.998724118425398e-05