date:1222-233609
time:99.64676308631897
epoch:20844
last loss:9.999653510689755e-05