date:1222-141847
time:67.40305185317993
epoch:18948
last loss:9.998901143878676e-05