date:1222-232647
time:49.39683794975281
epoch:10069
last loss:9.991866909154915e-05