date:1222-195235
time:135.5919120311737
epoch:31479
last loss:9.99836012976639e-05