date:1222-183355
time:67.65832304954529
epoch:15862
last loss:9.99563683498088e-05