date:1222-143627
time:298.3931667804718
epoch:65936
last loss:9.99868930178707e-05