date:1222-135654
time:49.16362690925598
epoch:13009
last loss:9.993480712829429e-05