date:1204-165736
time:344.80666303634644
epoch:58119
last loss:9.997226884061317e-05