date:1204-154035
time:136.46887397766113
epoch:50000
last loss:0.0002305632149364843