date:1204-161243
time:652.6086177825928
epoch:92233
last loss:9.999533481727098e-05