date:1223-003924
time:159.89359188079834
epoch:37205
last loss:9.997867575025261e-05