date:1223-001707
time:86.82618284225464
epoch:16096
last loss:9.995576389605935e-05