date:1223-002836
time:104.82028794288635
epoch:21479
last loss:9.998231236223205e-05