date:1223-003156
time:114.66600775718689
epoch:21226
last loss:9.996229813534516e-05