date:1223-001028
time:88.03570890426636
epoch:17150
last loss:9.999465350152928e-05