date:1223-000809
time:73.99736285209656
epoch:13715
last loss:9.995375583733773e-05