date:1223-001433
time:87.71246790885925
epoch:16951
last loss:9.9956947034012e-05