date:1223-002138
time:95.31267189979553
epoch:22084
last loss:9.99810581432207e-05