date:1223-000507
time:80.76937103271484
epoch:13481
last loss:9.994536882706868e-05