date:1223-002529
time:103.9057822227478
epoch:21619
last loss:9.99830562183964e-05