date:1223-003540
time:156.19324231147766
epoch:37845
last loss:9.990077112486302e-05