date:1223-004406
time:181.5511977672577
epoch:35840
last loss:9.999236664944105e-05