date:1223-000640
time:76.3883466720581
epoch:13824
last loss:9.99567768636455e-05