date:1207-194237
time:150.34725403785706
epoch:50000
last loss:0.004595613814687257