date:1207-185805
time:16.313830852508545
epoch:7939
last loss:9.99557816947963e-05