date:1207-193838
time:5.471153974533081
epoch:4078
last loss:9.98072601792043e-05