date:1207-201837
time:2.8434948921203613
epoch:2173
last loss:9.98581166965274e-05