date:1207-202426
time:149.54574918746948
epoch:50000
last loss:0.01901438574413024