date:1207-200642
time:102.72786092758179
epoch:50000
last loss:0.01342172783045879