date:1207-191214
time:103.81077289581299
epoch:50000
last loss:0.0036020203695772417