date:1207-200254
time:8.515947103500366
epoch:4269
last loss:9.977938162792382e-05