date:1221-212953
time:10.255357027053833
epoch:6488
last loss:9.989481100547877e-05