date:1221-230530
time:23.059634923934937
epoch:8104
last loss:9.990655734852191e-05