date:1221-220946
time:49.90504503250122
epoch:19501
last loss:9.996634337126294e-05