date:1221-221841
time:56.29630517959595
epoch:16746
last loss:9.997814691509622e-05