date:1221-225447
time:123.31641387939453
epoch:37999
last loss:9.999521294127215e-05