date:1221-221013
time:26.794094800949097
epoch:9714
last loss:9.9900600141216e-05