date:1221-213640
time:45.64803600311279
epoch:15724
last loss:9.998787704772973e-05