date:1221-231907
time:59.759942054748535
epoch:15790
last loss:9.998814426214907e-05