date:1221-232504
time:182.05726718902588
epoch:47989
last loss:9.999953981969311e-05