date:1221-234253
time:78.89672589302063
epoch:21193
last loss:9.999142395280632e-05