date:1221-230754
time:73.62140011787415
epoch:25883
last loss:9.996341796535005e-05