date:1221-233238
time:61.22274303436279
epoch:15276
last loss:9.997000933623176e-05