date:1221-220807
time:17.42021083831787
epoch:6611
last loss:9.993255767009811e-05