date:1221-212933
time:5.178042888641357
epoch:2887
last loss:9.967169067364134e-05