date:1221-215231
time:38.29270005226135
epoch:14877
last loss:9.998345947870108e-05