date:1221-230321
time:17.47928786277771
epoch:6033
last loss:9.983869564024341e-05