date:1221-233354
time:60.35154891014099
epoch:14929
last loss:9.999646430702025e-05