date:1221-215342
time:41.42440676689148
epoch:16111
last loss:9.996286093305646e-05