date:1221-223851
time:50.60963416099548
epoch:15173
last loss:9.99733473795068e-05