date:1221-231532
time:85.7299861907959
epoch:22265
last loss:9.99962058060822e-05