date:1221-231406
time:63.38959097862244
epoch:16462
last loss:9.998750762617802e-05