date:1221-230910
time:41.822608947753906
epoch:13935
last loss:9.998063680265102e-05