date:1221-233538
time:59.61851716041565
epoch:14682
last loss:9.996553357220355e-05