date:1221-231008
time:57.2263879776001
epoch:19278
last loss:9.999662335691313e-05