date:1221-224643
time:73.87978196144104
epoch:22172
last loss:9.998411953184613e-05