date:1221-213029
time:15.19331407546997
epoch:6806
last loss:9.998093815581925e-05