date:1221-230416
time:32.17928194999695
epoch:10142
last loss:9.998197764757328e-05