date:1221-220855
time:25.351092100143433
epoch:10961
last loss:9.996785081640778e-05