date:1221-223614
time:52.512959003448486
epoch:15758
last loss:9.998043020986569e-05