date:1221-221948
time:67.08607602119446
epoch:19866
last loss:9.996120760836156e-05