date:1221-214754
time:31.425997972488403
epoch:12507
last loss:9.99544576994181e-05