date:1221-234451
time:80.20783495903015
epoch:21177
last loss:9.99931377302891e-05