date:1221-221046
time:32.190706968307495
epoch:11633
last loss:9.997941393614315e-05