date:1221-221418
time:49.115556716918945
epoch:17297
last loss:9.998424358281212e-05