date:1221-213002
time:9.009389877319336
epoch:4555
last loss:9.984363518445756e-05