date:1221-224503
time:74.00202417373657
epoch:22450
last loss:9.99799913804017e-05