date:1221-224253
time:57.79894495010376
epoch:17355
last loss:9.998820221432576e-05