date:1221-234844
time:119.72680020332336
epoch:33110
last loss:9.998804902003291e-05