date:1221-231209
time:120.74600315093994
epoch:36170
last loss:9.999943934868803e-05