date:1221-225918
time:116.20065593719482
epoch:36374
last loss:9.999671045350672e-05