date:1221-213331
time:27.710819959640503
epoch:10820
last loss:9.992013142596361e-05