date:1221-214104
time:91.86658000946045
epoch:37098
last loss:9.99942170433212e-05