date:1221-222926
time:131.24320101737976
epoch:38510
last loss:9.999597075972416e-05