date:1221-230640
time:40.027742862701416
epoch:14163
last loss:9.993648469574124e-05