date:1221-232020
time:71.82438802719116
epoch:18999
last loss:9.997730283029384e-05