date:1221-220829
time:21.372140169143677
epoch:7888
last loss:9.993415783197078e-05