date:1221-230343
time:21.44443106651306
epoch:7363
last loss:9.990232158936429e-05