date:1221-222116
time:87.16243481636047
epoch:26082
last loss:9.999838001522872e-05