date:1221-231807
time:154.18521928787231
epoch:41151
last loss:9.998393723808604e-05