date:1221-230828
time:33.38930296897888
epoch:11192
last loss:9.99818520269016e-05