date:1221-233101
time:56.89343285560608
epoch:14041
last loss:9.994605848453017e-05