date:1221-213013
time:9.83230972290039
epoch:5499
last loss:9.980373596351128e-05