date:1221-213303
time:52.73840403556824
epoch:21568
last loss:9.996687609235171e-05