date:1221-215919
time:98.84409427642822
epoch:36081
last loss:9.998081585091008e-05