date:1221-212942
time:7.578265905380249
epoch:3772
last loss:9.971352381264091e-05