date:1221-224941
time:131.04598021507263
epoch:38868
last loss:9.999760928325838e-05