date:1221-225705
time:120.09038996696472
epoch:37586
last loss:9.997958026467312e-05