date:1221-214927
time:42.303804874420166
epoch:16483
last loss:9.993868852155678e-05