date:1221-221329
time:40.94136381149292
epoch:14510
last loss:9.995780643908289e-05