date:1221-222542
time:112.76477694511414
epoch:33189
last loss:9.999984418398663e-05