date:1221-223744
time:58.28541398048401
epoch:15445
last loss:9.998634880561422e-05