date:1221-232201
time:100.45143985748291
epoch:26317
last loss:9.999778991568306e-05