date:1221-222715
time:92.03952503204346
epoch:27093
last loss:9.998292986397344e-05