date:1221-224135
time:53.844282150268555
epoch:16269
last loss:9.99564092287371e-05