date:1221-215452
time:50.039313077926636
epoch:19512
last loss:9.997281788156515e-05