date:1221-213210
time:30.830586910247803
epoch:12832
last loss:9.993185792239586e-05