date:1221-213138
time:22.803252935409546
epoch:9869
last loss:9.996643544942477e-05