date:1221-213744
time:62.97651410102844
epoch:19874
last loss:9.997236899855511e-05