date:1221-213055
time:26.056801080703735
epoch:12290
last loss:9.999326923300755e-05