date:1221-221527
time:67.63320779800415
epoch:24009
last loss:9.998433219917803e-05