date:1221-220136
time:92.13603091239929
epoch:35658
last loss:9.998669564080862e-05