date:1221-230146
time:112.86766123771667
epoch:35573
last loss:9.998806639372832e-05