date:1221-235153
time:116.34835195541382
epoch:32589
last loss:9.998782007459301e-05