date:1221-213553
time:60.841546058654785
epoch:26058
last loss:9.998847209566457e-05