date:1221-233723
time:56.16340184211731
epoch:14987
last loss:9.998089398509083e-05