date:1221-233959
time:59.77689814567566
epoch:15661
last loss:9.997863890792025e-05