date:1221-215051
time:40.29979181289673
epoch:15710
last loss:9.997151361793137e-05