date:1221-221744
time:136.65321397781372
epoch:40537
last loss:9.999158169720311e-05