date:1221-213452
time:45.87868022918701
epoch:15315
last loss:9.995790331398117e-05