date:1221-213931
time:106.99765014648438
epoch:38484
last loss:9.997628686311816e-05