date:1221-223238
time:191.02483987808228
epoch:56036
last loss:9.99935049185243e-05