date:1221-230559
time:28.40253782272339
epoch:10024
last loss:9.9949852852514e-05