date:1221-230506
time:49.70469689369202
epoch:18384
last loss:9.998074599356561e-05