date:1221-213115
time:18.67826819419861
epoch:8076
last loss:9.989567150089684e-05