date:1221-213405
time:33.241427183151245
epoch:12777
last loss:9.993197917143579e-05