date:1221-214223
time:3.8470001220703125
epoch:2392
last loss:9.949483294783059e-05