date:1221-224018
time:47.68028116226196
epoch:14800
last loss:9.995581548181418e-05