date:1221-222349
time:151.9525487422943
epoch:46097
last loss:9.999619659293478e-05