date:1221-221130
time:42.95089888572693
epoch:15485
last loss:9.995953360646163e-05