date:1221-233842
time:60.06465673446655
epoch:15873
last loss:9.994659999860236e-05