date:1221-225210
time:125.10613799095154
epoch:37897
last loss:9.99805447457453e-05