date:1221-221247
time:76.48066520690918
epoch:27403
last loss:9.997545646780018e-05