date:1221-231302
time:51.86892080307007
epoch:13460
last loss:9.996699119185767e-05